Row,Price (GBP),Inventory,Last_date_sold
0,51.77,129,3/1/2021
1,53.74,251,12/2/2004
2,50.1,207,11/22/2008
3,47.82,214,8/13/2001
4,54.23,66,10/17/2006
5,22.65,104,4/25/2002
6,33.34,255,1/17/2006
7,17.93,191,2/16/2002
8,22.6,294,4/20/2001
9,52.15,60,2/7/2000
10,13.99,59,7/3/2021
11,20.66,111,2/6/2005
12,17.46,8,10/15/2022
13,52.29,252,8/25/2009
14,35.02,141,9/24/2002
15,57.25,176,2/10/2007
16,23.88,73,7/8/2014
17,37.59,59,9/15/2021
18,51.33,45,7/25/2016
19,45.17,264,2/7/2010
20,12.84,102,7/3/2003
21,37.32,44,1/15/2024
22,30.52,1,6/16/2012
23,25.27,146,2/8/2024
24,34.53,133,1/22/2018
25,54.64,253,11/11/2016
26,22.5,49,12/10/2000
27,53.13,203,1/19/2007
28,40.3,11,5/14/2007
29,44.18,92,11/11/2015
30,17.66,230,4/15/2005
31,31.05,42,5/27/2019
32,23.82,75,8/9/2025
33,36.89,227,12/6/2016
34,15.94,16,4/24/2000
35,33.29,135,10/9/2010
36,18.02,14,12/28/2011
37,19.63,236,5/11/2023
38,52.22,275,1/1/2022
39,33.63,8,3/2/2020
40,57.31,64,12/25/2002
41,26.41,13,8/11/2023
42,47.61,62,10/5/2013
43,23.11,59,10/12/2013
44,45.07,76,6/7/2001
45,31.77,92,11/28/2010
46,50.27,37,10/3/2002
47,14.27,233,6/25/2001
48,44.18,93,9/28/2004
49,18.78,66,8/17/2016
50,25.52,250,3/12/2018
51,16.28,17,3/2/2010
52,31.12,290,1/27/2020
53,19.49,225,10/24/2001
54,17.27,235,10/11/2025
55,19.09,115,2/25/2003
56,56.13,114,9/26/2014
57,56.41,276,1/10/2019
58,56.5,120,1/25/2001
59,45.22,275,8/15/2001
60,38.16,138,4/1/2017
61,54.11,229,10/16/2010
62,42.96,117,11/20/2020
63,23.89,241,9/8/2003
64,16.77,146,9/3/2014
65,20.59,249,12/22/2006
66,37.13,254,7/4/2001
67,56.06,107,4/3/2020
68,58.11,289,8/10/2000
69,49.05,25,5/16/2019
70,40.76,284,5/12/2013
71,19.73,1,8/2/2007
72,32.24,249,12/21/2024
73,41.83,261,6/5/2013
74,39.58,260,2/11/2003
75,39.25,75,1/22/2007
76,25.02,146,11/4/2021
77,51.04,194,11/27/2018
78,19.83,261,10/23/2011
79,50.4,130,1/2/2015
80,13.61,275,3/17/2002
81,13.34,178,7/25/2022
82,18.97,167,12/14/2006
83,36.28,284,11/6/2006
84,10.16,299,10/22/2001
85,15.44,84,2/26/2002
86,48.41,10,11/23/2005
87,46.35,12,8/18/2019
88,14.07,131,3/20/2020
89,14.86,227,6/9/2010
90,33.37,181,2/4/2020
91,56.4,226,3/8/2015
92,14.02,214,6/20/2000
93,46.91,157,3/16/2000
94,45.61,123,11/7/2002
95,19.92,163,11/27/2020
96,40.11,166,11/20/2007
97,53.9,128,5/5/2019
98,35.67,76,5/23/2007
99,22.0,147,11/5/2002
100,57.36,232,8/6/2014
101,29.17,176,9/22/2018
102,54.63,130,4/24/2025
103,46.03,92,11/4/2009
104,33.97,29,1/9/2013
105,22.11,203,9/22/2001
106,29.69,130,3/4/2007
107,15.97,123,6/20/2011
108,21.96,292,3/17/2022
109,54.35,292,5/21/2001
110,37.97,149,8/2/2006
111,51.99,18,10/19/2016
112,43.29,300,12/6/2000
113,36.72,66,9/6/2002
114,17.08,19,3/19/2001
115,29.14,238,10/7/2007
116,28.81,33,8/28/2020
117,49.46,53,11/18/2005
118,37.92,51,5/10/2024
119,28.09,138,3/25/2013
120,30.81,131,1/22/2013
121,42.95,112,11/24/2004
122,56.76,15,12/23/2013
123,16.64,194,3/12/2017
124,55.53,268,3/25/2017
125,28.13,229,10/14/2019
126,52.37,94,8/21/2013
127,54.0,65,11/11/2015
128,21.87,238,5/21/2018
129,43.3,241,7/4/2001
130,21.04,173,9/14/2020
131,41.6,107,11/24/2002
132,35.07,62,1/3/2019
133,59.64,129,11/26/2004
134,52.72,115,2/2/2010
135,58.08,127,8/21/2005
136,24.12,162,10/8/2022
137,42.15,56,1/2/2009
138,12.61,183,12/16/2003
139,17.44,232,5/15/2010
140,33.14,4,9/18/2010
141,27.37,271,5/8/2017
142,51.36,46,4/10/2000
143,36.0,194,10/28/2001
144,10.65,257,6/26/2013
145,43.54,30,9/25/2020
146,38.21,84,8/8/2005
147,37.34,38,12/18/2015
148,44.1,155,5/28/2013
149,43.29,241,3/19/2023
150,55.85,279,4/9/2023
151,37.6,83,6/27/2001
152,10.97,72,6/18/2013
153,41.82,163,5/14/2005
154,36.95,111,11/17/2011
155,44.28,111,9/5/2015
156,55.02,57,10/6/2011
157,17.24,37,4/5/2016
158,23.15,225,11/23/2006
159,41.25,36,5/8/2024
160,32.0,117,12/25/2014
161,38.49,178,2/15/2007
162,33.34,278,9/6/2023
163,10.93,138,6/26/2023
164,27.55,27,11/23/2001
165,55.99,1,4/25/2008
166,16.24,253,5/21/2024
167,26.12,142,3/20/2020
168,12.23,133,3/1/2012
169,23.99,35,7/28/2022
170,29.06,131,11/27/2013
171,20.27,66,9/16/2021
172,43.55,21,8/4/2025
173,36.94,84,8/21/2012
174,20.47,183,4/8/2021
175,41.06,136,7/19/2001
176,14.19,85,10/1/2022
177,38.28,16,5/24/2009
178,41.05,99,10/18/2016
179,30.25,126,2/10/2015
180,28.26,39,2/13/2004
181,10.76,116,8/24/2016
182,16.85,115,1/3/2001
183,13.47,7,4/4/2011
184,48.56,84,8/15/2013
185,19.15,290,11/17/2019
186,57.36,283,12/2/2015
187,42.98,110,9/26/2007
188,22.16,27,7/17/2024
189,49.43,25,2/15/2007
190,29.99,196,8/5/2009
191,21.36,60,4/22/2002
192,29.0,289,3/27/2024
193,53.53,163,9/18/2023
194,41.62,268,9/21/2014
195,54.59,135,7/26/2022
196,34.95,13,1/5/2025
197,37.72,62,2/14/2019
198,35.61,216,3/13/2023
199,42.16,170,11/2/2004
200,19.19,7,10/17/2019
201,19.43,16,11/11/2014
202,49.46,224,5/18/2009
203,37.8,47,10/16/2011
204,30.8,203,11/11/2013
205,27.43,279,7/20/2016
206,11.11,95,2/3/2005
207,36.5,80,12/23/2000
208,15.38,280,6/22/2024
209,15.48,33,7/11/2025
210,46.82,159,9/6/2021
211,18.46,15,3/9/2021
212,36.58,289,10/27/2012
213,50.54,91,11/19/2012
214,12.51,269,5/3/2009
215,24.7,201,11/12/2018
216,43.61,148,5/26/2019
217,37.34,78,10/19/2016
218,14.36,298,8/25/2019
219,52.65,251,3/4/2005
220,38.2,265,2/6/2009
221,19.6,138,2/1/2011
222,53.9,257,2/27/2015
223,12.96,154,4/25/2017
224,37.1,69,2/5/2008
225,46.31,35,11/11/2018
226,45.95,85,6/16/2010
227,22.08,136,1/15/2023
228,25.38,85,10/27/2017
229,27.12,48,8/1/2007
230,43.04,276,4/5/2010
231,56.8,176,8/6/2019
232,25.91,245,5/15/2020
233,32.61,8,3/3/2025
234,27.88,179,11/22/2021
235,52.67,156,4/27/2011
236,46.02,26,3/17/2004
237,44.48,247,9/20/2011
238,37.4,256,6/28/2002
239,54.04,63,2/13/2024
240,16.88,123,9/25/2015
241,28.08,75,2/25/2010
242,10.4,268,7/8/2006
243,44.07,100,12/11/2002
244,23.4,50,3/5/2022
245,17.43,137,5/18/2021
246,54.21,177,12/6/2006
247,40.67,29,7/8/2006
248,52.26,171,9/3/2014
249,28.77,265,7/21/2013
250,13.82,49,2/3/2011
251,25.85,71,2/20/2011
252,48.78,150,8/1/2002
253,35.35,233,5/2/2004
254,44.73,269,9/12/2020
255,15.77,16,6/21/2015
256,39.24,135,4/20/2025
257,13.92,140,10/26/2009
258,10.69,134,1/22/2008
259,45.21,259,2/1/2018
260,45.58,140,3/23/2020
261,11.89,225,9/8/2010
262,26.41,14,9/14/2022
263,39.5,182,9/26/2016
264,44.74,277,8/20/2021
265,52.79,116,5/2/2018
266,35.43,99,4/23/2024
267,55.84,246,7/3/2014
268,48.87,155,8/19/2023
269,46.78,129,8/27/2017
270,47.82,179,1/10/2011
271,25.48,1,7/18/2012
272,23.57,168,7/6/2012
273,50.89,63,1/20/2004
274,10.56,106,1/13/2024
275,52.15,152,5/9/2023
276,18.28,172,9/20/2022
277,11.83,208,10/20/2015
278,21.95,192,4/15/2003
279,38.39,247,5/1/2022
280,41.56,110,11/18/2023
281,24.48,239,1/8/2005
282,40.36,96,8/13/2000
283,28.9,95,4/25/2013
284,37.61,32,2/12/2010
285,38.85,59,5/12/2011
286,53.95,198,5/12/2019
287,49.83,98,8/28/2002
288,51.51,6,12/17/2019
289,18.03,139,4/24/2011
290,29.14,242,6/21/2025
291,46.91,141,7/6/2009
292,26.79,222,2/11/2009
293,16.28,133,11/22/2013
294,19.55,34,10/13/2015
295,29.65,31,9/11/2000
296,25.98,106,6/17/2017
297,10.6,70,4/23/2003
298,14.75,130,4/1/2020
299,47.02,74,11/20/2008
300,28.82,185,2/16/2025
301,58.79,72,10/10/2015
302,10.23,93,2/26/2006
303,30.03,64,4/21/2025
304,45.84,167,6/8/2020
305,49.05,131,10/16/2021
306,15.06,143,9/28/2006
307,46.47,287,3/24/2016
308,27.09,188,3/24/2023
309,57.62,118,7/28/2021
310,14.39,166,1/4/2007
311,51.75,253,12/16/2019
312,54.07,6,9/6/2022
313,55.35,51,8/9/2023
314,40.12,133,6/17/2004
315,37.51,239,12/15/2007
316,11.21,113,5/2/2016
317,36.58,220,5/20/2003
318,47.72,281,3/18/2009
319,25.01,93,8/7/2001
320,22.13,232,4/10/2009
321,44.14,173,6/2/2000
322,56.02,181,8/16/2003
323,11.23,178,12/28/2011
324,43.28,157,1/10/2012
325,47.27,109,1/18/2024
326,20.29,66,12/19/2007
327,50.83,104,9/27/2024
328,31.85,69,1/19/2006
329,46.23,153,11/19/2022
330,37.8,32,8/6/2002
331,49.32,100,12/5/2024
332,32.01,200,2/22/2021
333,28.01,116,5/16/2014
334,50.62,24,6/2/2002
335,17.03,24,7/20/2010
336,48.8,132,11/24/2015
337,58.14,300,11/24/2007
338,34.2,131,5/13/2011
339,51.48,102,12/11/2019
340,29.87,269,6/28/2024
341,10.9,61,6/25/2007
342,56.37,198,6/15/2009
343,48.35,109,6/23/2013
344,16.73,106,3/25/2003
345,56.48,7,6/26/2012
346,40.79,207,9/4/2021
347,39.72,258,11/19/2008
348,14.58,171,9/22/2008
349,55.51,293,12/24/2024
350,21.8,99,6/8/2011
351,13.33,171,10/28/2020
352,38.73,27,10/1/2004
353,37.86,256,8/10/2017
354,11.53,13,7/17/2007
355,27.06,9,12/19/2014
356,13.86,18,11/7/2020
357,37.55,124,4/25/2011
358,32.3,77,5/11/2014
359,46.29,91,2/23/2008
360,26.2,205,4/17/2014
361,33.26,248,3/27/2013
362,59.15,205,9/25/2019
363,39.43,216,1/5/2009
364,14.44,225,3/2/2014
365,56.54,176,3/10/2019
366,59.9,58,6/18/2011
367,11.88,257,7/3/2005
368,48.05,10,8/6/2004
369,21.21,50,10/11/2017
370,49.67,212,11/15/2025
371,43.14,121,5/15/2022
372,36.97,231,7/18/2002
373,26.8,81,1/9/2014
374,15.71,162,6/23/2021
375,54.65,44,2/2/2015
376,54.36,251,3/3/2022
377,35.28,149,10/3/2015
378,20.55,60,11/18/2015
379,58.32,118,12/16/2001
380,11.84,206,4/2/2023
381,41.46,89,3/24/2018
382,20.1,153,7/16/2017
383,56.86,275,3/2/2014
384,56.51,68,7/2/2008
385,40.83,132,9/10/2020
386,48.64,110,11/26/2019
387,59.48,65,9/10/2014
388,39.01,295,7/4/2007
389,38.77,242,5/12/2001
390,48.39,67,12/27/2021
391,27.26,65,9/5/2007
392,11.68,120,11/19/2004
393,59.45,293,11/19/2007
394,21.0,251,4/22/2010
395,53.98,105,6/26/2011
396,48.74,101,11/19/2007
397,21.15,140,3/19/2000
398,13.71,295,7/1/2005
399,47.67,178,3/26/2022
400,13.34,195,8/18/2019
401,16.89,211,2/28/2011
402,27.18,290,6/10/2012
403,17.28,299,7/18/2018
404,45.14,188,10/9/2023
405,40.85,32,7/1/2022
406,20.46,261,7/20/2006
407,56.27,259,2/19/2004
408,48.49,130,4/10/2023
409,51.34,236,8/6/2016
410,16.34,201,10/2/2012
411,20.5,99,9/26/2009
412,21.59,153,8/23/2015
413,21.36,176,8/25/2024
414,20.88,71,1/27/2008
415,19.53,134,8/10/2011
416,14.75,26,9/28/2003
417,48.48,223,6/8/2006
418,24.57,242,2/3/2010
419,49.71,118,6/10/2016
420,48.27,201,10/17/2024
421,58.05,81,12/17/2015
422,58.87,293,1/7/2023
423,11.82,258,1/7/2001
424,28.03,292,9/22/2015
425,44.05,112,4/21/2004
426,12.34,288,1/27/2012
427,16.68,39,7/26/2020
428,55.91,100,7/15/2002
429,24.57,192,6/25/2007
430,52.98,147,5/4/2001
431,54.4,281,3/25/2017
432,54.81,172,2/6/2020
433,25.08,246,9/11/2019
434,10.41,110,6/6/2020
435,47.44,283,8/11/2013
436,20.91,210,8/3/2009
437,33.95,84,5/22/2004
438,43.68,138,6/5/2022
439,33.23,147,6/4/2017
440,35.92,206,12/19/2018
441,48.63,167,6/12/2010
442,56.63,116,5/3/2017
443,50.49,76,7/26/2001
444,35.79,193,4/3/2022
445,34.06,240,11/3/2001
446,17.76,12,3/10/2007
447,39.36,148,4/18/2025
448,36.94,159,4/3/2025
449,43.62,237,2/11/2006
450,43.02,160,2/4/2025
451,28.45,299,3/2/2011
452,41.39,53,6/25/2010
453,51.15,204,7/16/2022
454,35.88,289,12/10/2018
455,36.91,120,1/7/2019
456,28.93,5,10/3/2000
457,38.89,126,8/5/2001
458,58.33,64,2/5/2018
459,39.67,261,10/2/2004
460,14.1,16,12/24/2022
461,21.82,118,1/12/2015
462,54.21,165,10/19/2005
463,31.19,3,7/22/2022
464,53.64,237,6/19/2025
465,36.39,226,5/4/2001
466,58.54,65,12/10/2008
467,29.48,120,10/22/2008
468,25.06,94,7/18/2003
469,12.55,13,8/17/2004
470,29.04,133,6/28/2021
471,40.72,111,10/18/2018
472,45.05,255,5/23/2019
473,47.13,100,8/24/2001
474,20.22,17,9/16/2010
475,56.48,224,1/6/2006
476,44.21,88,5/17/2021
477,21.96,161,10/21/2012
478,40.45,262,9/11/2022
479,10.29,159,9/17/2005
480,52.86,73,7/28/2009
481,55.65,209,11/6/2001
482,43.64,240,9/2/2005
483,28.41,183,2/25/2001
484,37.51,258,9/12/2021
485,11.45,33,6/12/2009
486,19.22,214,12/24/2023
487,56.91,177,8/27/2023
488,55.06,52,10/9/2005
489,13.2,45,11/21/2025
490,53.63,1,1/12/2009
491,44.48,179,3/28/2018
492,12.08,129,8/22/2006
493,22.14,242,9/25/2011
494,25.37,40,10/3/2019
495,46.33,35,12/22/2021
496,37.33,249,10/17/2018
497,25.55,77,12/3/2022
498,34.72,144,8/16/2008
499,35.96,158,4/23/2003
500,41.14,229,6/7/2013
501,10.01,75,6/24/2002
502,36.05,178,10/12/2005
503,49.03,203,7/14/2011
504,16.24,8,9/5/2002
505,39.55,199,6/19/2004
506,35.67,265,10/11/2006
507,16.62,221,7/16/2003
508,42.78,132,3/3/2007
509,52.3,46,9/13/2001
510,32.34,127,8/2/2012
511,33.17,266,12/20/2002
512,20.12,19,11/14/2010
513,20.9,223,1/18/2014
514,20.9,171,4/28/2012
515,40.2,131,10/22/2019
516,52.87,245,4/9/2017
517,51.74,130,1/2/2003
518,34.41,147,1/6/2003
519,32.38,102,7/3/2023
520,50.35,22,1/4/2022
521,11.38,109,1/27/2012
522,43.58,13,4/13/2017
523,49.67,104,4/22/2009
524,28.77,19,8/10/2005
525,13.22,286,9/26/2007
526,51.17,204,11/26/2011
527,39.61,150,3/7/2007
528,57.43,250,3/7/2020
529,46.01,285,11/7/2014
530,28.25,118,10/28/2000
531,37.05,182,5/27/2011
532,19.57,65,2/10/2004
533,45.13,169,10/16/2015
534,46.64,128,1/21/2019
535,12.16,56,11/26/2005
536,20.89,215,5/28/2014
537,17.97,241,7/28/2019
538,52.6,57,10/2/2015
539,25.77,173,9/18/2012
540,48.19,104,11/12/2008
541,29.93,262,1/20/2016
542,44.34,21,8/17/2021
543,52.4,269,5/25/2003
544,44.81,251,1/28/2008
545,57.84,246,10/14/2003
546,39.67,249,1/20/2022
547,55.02,210,12/4/2008
548,24.8,248,11/25/2000
549,59.45,182,12/27/2004
550,31.58,37,8/10/2018
551,43.27,31,11/5/2003
552,37.34,71,7/24/2019
553,17.8,144,12/26/2000
554,30.54,295,2/5/2024
555,18.77,163,2/13/2015
556,46.85,49,6/12/2009
557,15.79,11,5/4/2017
558,10.27,6,10/22/2016
559,15.42,254,11/19/2016
560,59.92,31,10/1/2010
561,50.96,27,10/22/2014
562,30.6,11,11/12/2018
563,19.27,280,3/23/2009
564,46.58,273,12/7/2022
565,48.51,217,9/9/2003
566,19.02,80,7/5/2004
567,38.38,106,3/5/2009
568,49.98,63,3/23/2003
569,46.49,72,5/12/2000
570,18.32,232,4/20/2022
571,42.14,66,2/4/2009
572,56.59,247,4/17/2020
573,20.96,273,8/19/2024
574,40.32,225,9/9/2009
575,36.39,267,9/28/2011
576,58.55,87,8/28/2011
577,39.61,247,4/15/2023
578,21.3,200,8/24/2002
579,56.88,205,7/28/2021
580,32.97,294,2/6/2016
581,47.31,167,2/4/2005
582,48.67,146,9/14/2018
583,41.73,135,10/16/2019
584,53.68,153,1/12/2008
585,14.64,148,5/27/2015
586,38.4,18,2/2/2004
587,15.08,33,8/12/2004
588,30.57,288,6/27/2000
589,57.74,269,2/7/2008
590,11.05,38,3/27/2023
591,28.58,202,10/16/2019
592,42.91,283,3/28/2007
593,24.73,108,4/8/2011
594,55.91,166,11/20/2007
595,13.76,217,9/3/2019
596,45.56,4,1/23/2010
597,47.22,107,1/5/2003
598,56.0,190,11/15/2001
599,44.58,295,12/22/2024
600,34.5,18,1/10/2012
601,11.33,13,4/3/2017
602,38.77,152,7/6/2016
603,11.83,41,5/5/2011
604,45.51,50,8/13/2009
605,41.81,241,5/7/2022
606,25.15,227,9/8/2007
607,34.22,94,9/3/2008
608,16.23,42,7/27/2003
609,11.48,165,12/7/2020
610,23.37,80,7/14/2010
611,16.28,292,4/15/2018
612,31.63,241,10/21/2007
613,24.91,90,5/11/2016
614,22.54,15,1/18/2015
615,23.63,181,1/9/2000
616,13.12,29,4/10/2023
617,59.98,89,12/9/2018
618,31.49,120,3/8/2002
619,15.52,23,7/22/2025
620,48.13,193,1/27/2012
621,38.13,37,9/20/2012
622,36.55,172,8/20/2009
623,23.32,93,12/26/2014
624,16.33,48,2/21/2012
625,32.42,25,7/18/2021
626,16.96,171,8/27/2021
627,22.37,23,9/12/2006
628,42.27,154,3/3/2001
629,38.7,53,12/8/2003
630,35.63,16,4/17/2016
631,58.0,123,1/14/2009
632,52.41,244,6/3/2001
633,32.35,211,3/8/2000
634,20.75,154,1/5/2004
635,17.49,92,8/17/2025
636,34.13,267,5/25/2017
637,58.81,20,8/28/2017
638,10.0,151,9/24/2018
639,51.22,235,7/15/2001
640,58.59,195,12/18/2005
641,31.3,159,3/1/2008
642,46.42,294,5/9/2017
643,17.21,42,2/8/2019
644,10.79,294,1/20/2000
645,52.35,277,3/2/2010
646,27.88,13,8/20/2017
647,50.26,250,11/22/2002
648,59.99,19,4/11/2019
649,28.32,271,2/24/2020
650,38.71,119,5/11/2010
651,29.85,245,8/2/2007
652,14.82,105,3/12/2001
653,16.81,161,10/22/2009
654,28.23,240,2/26/2019
655,52.11,6,7/3/2020
656,27.88,134,2/21/2008
657,59.71,220,12/3/2016
658,46.08,211,12/8/2010
659,13.73,160,8/11/2014
660,48.39,41,8/21/2013
661,49.45,90,2/3/2001
662,19.67,216,12/17/2020
663,12.36,99,7/28/2003
664,20.02,141,11/14/2003
665,12.75,297,5/3/2014
666,47.51,64,9/7/2020
667,20.44,146,10/25/2022
668,34.79,129,2/7/2010
669,28.07,48,12/20/2015
670,25.01,102,11/17/2017
671,13.9,294,9/13/2001
672,24.17,92,9/27/2017
673,31.63,211,3/18/2014
674,48.75,280,8/26/2009
675,14.74,216,1/3/2016
676,32.49,132,1/5/2010
677,27.8,102,5/3/2023
678,26.77,96,9/7/2012
679,50.44,258,10/15/2004
680,34.93,88,2/2/2013
681,12.87,286,2/19/2010
682,48.94,47,2/19/2009
683,13.38,84,8/19/2016
684,58.63,142,4/22/2017
685,21.94,35,3/6/2019
686,26.58,208,9/16/2000
687,57.22,210,5/2/2020
688,56.43,297,4/12/2021
689,55.65,233,12/28/2006
690,27.62,78,7/6/2000
691,49.56,266,12/17/2000
692,34.77,138,9/2/2023
693,17.73,229,1/8/2017
694,21.8,2,10/27/2022
695,46.02,269,6/16/2019
696,18.13,75,11/6/2018
697,30.89,160,8/10/2008
698,31.95,175,2/11/2003
699,24.04,220,11/2/2006
700,32.36,189,1/17/2018
701,21.07,100,4/24/2020
702,50.66,258,5/24/2003
703,13.66,77,8/13/2013
704,58.09,98,5/12/2008
705,30.0,155,6/6/2015
706,32.74,168,4/6/2023
707,41.93,13,8/2/2011
708,42.8,247,2/27/2004
709,53.51,28,4/8/2024
710,23.21,55,4/18/2020
711,21.14,171,11/22/2002
712,56.07,243,5/20/2000
713,14.41,109,10/8/2014
714,45.75,270,4/23/2002
715,15.77,139,3/20/2010
716,10.02,246,12/8/2003
717,48.77,261,5/13/2025
718,57.86,15,5/28/2023
719,23.59,8,11/8/2011
720,23.05,107,9/9/2002
721,55.55,266,6/9/2018
722,58.64,113,4/5/2001
723,23.21,177,3/22/2007
724,42.57,228,10/21/2001
725,10.92,198,6/24/2015
726,34.77,283,11/5/2000
727,35.66,16,5/7/2007
728,37.19,269,10/24/2021
729,12.25,33,6/20/2013
730,29.7,177,2/15/2002
731,36.8,32,8/24/2008
732,45.43,204,8/12/2006
733,26.26,57,9/15/2001
734,44.92,257,6/16/2011
735,52.53,85,9/23/2025
736,37.25,8,1/25/2010
737,20.93,138,11/21/2002
738,58.09,17,11/23/2005
739,43.59,90,6/23/2021
740,33.92,283,5/15/2018
741,55.55,177,4/7/2000
742,29.64,135,1/15/2004
743,27.41,246,3/17/2022
744,52.51,23,11/2/2016
745,47.8,247,3/15/2012
746,14.54,83,9/28/2019
747,49.53,62,9/8/2022
748,43.58,157,7/11/2011
749,12.3,14,11/14/2006
750,49.47,279,4/12/2013
751,22.14,234,12/3/2009
752,57.48,32,12/22/2019
753,43.45,152,8/3/2020
754,22.13,96,4/5/2005
755,13.03,298,3/22/2002
756,57.35,178,4/26/2013
757,44.29,168,1/17/2011
758,52.25,132,9/5/2009
759,26.33,187,7/5/2017
760,22.96,20,1/18/2016
761,19.21,252,6/24/2018
762,26.78,41,6/11/2016
763,41.32,57,8/16/2006
764,24.55,258,5/19/2006
765,16.26,49,4/16/2019
766,47.84,77,7/4/2013
767,53.49,10,3/9/2010
768,44.84,150,12/5/2014
769,53.71,251,5/3/2004
770,23.43,172,6/15/2001
771,34.32,43,10/21/2001
772,22.1,102,4/27/2025
773,25.83,138,1/20/2007
774,36.74,107,12/18/2025
775,49.51,35,6/19/2006
776,48.96,268,7/16/2009
777,54.62,7,6/11/2018
778,24.72,31,12/4/2021
779,46.45,43,9/11/2001
780,52.33,116,8/2/2023
781,30.6,272,2/2/2013
782,14.57,1,8/21/2007
783,46.29,35,2/3/2001
784,21.57,37,1/6/2011
785,12.91,262,12/19/2013
786,50.11,169,12/10/2025
787,41.67,184,7/8/2016
788,44.88,195,11/16/2010
789,11.1,2,1/4/2022
790,28.54,3,1/22/2024
791,19.07,264,10/2/2009
792,43.55,120,11/1/2017
793,43.63,109,3/6/2014
794,39.13,207,4/25/2016
795,56.68,294,5/13/2007
796,14.16,111,1/10/2009
797,31.45,240,5/22/2007
798,24.61,85,4/17/2011
799,32.87,30,8/27/2009
800,40.17,8,5/18/2011
801,13.51,297,3/18/2009
802,38.95,42,7/11/2023
803,31.69,160,8/12/2004
804,29.4,136,3/2/2000
805,57.83,115,6/23/2004
806,55.46,228,6/4/2019
807,57.6,232,3/4/2025
808,34.98,268,6/27/2013
809,11.87,201,6/9/2022
810,12.47,291,8/1/2018
811,33.26,29,3/28/2025
812,59.04,243,6/19/2002
813,26.13,59,8/1/2012
814,22.2,268,9/19/2009
815,45.11,220,5/7/2010
816,43.69,9,10/6/2010
817,25.02,229,8/16/2003
818,55.5,74,12/23/2005
819,53.04,150,12/13/2016
820,44.97,33,7/18/2008
821,42.38,213,5/7/2012
822,20.11,198,11/28/2006
823,56.7,45,3/20/2005
824,41.0,102,11/6/2016
825,28.85,61,11/11/2010
826,49.97,173,7/25/2008
827,19.69,67,9/12/2020
828,28.88,281,4/23/2009
829,33.14,128,7/28/2003
830,43.7,111,3/17/2004
831,54.89,176,8/14/2013
832,37.52,257,7/21/2021
833,51.07,270,4/4/2001
834,44.07,95,5/3/2023
835,10.79,20,5/14/2024
836,42.72,44,1/26/2025
837,26.66,171,6/16/2023
838,37.6,35,5/14/2020
839,42.21,208,4/13/2003
840,46.83,156,11/12/2013
841,45.17,40,12/1/2006
842,51.22,273,4/13/2023
843,21.28,197,8/5/2009
844,15.36,43,7/19/2012
845,38.62,256,6/7/2021
846,25.4,14,3/19/2023
847,43.87,78,7/3/2017
848,18.74,86,10/15/2007
849,54.86,280,7/8/2017
850,52.62,149,7/10/2009
851,51.48,273,4/17/2024
852,15.28,197,4/21/2019
853,39.24,197,6/5/2011
854,17.81,259,12/11/2011
855,56.02,38,1/2/2025
856,23.9,110,12/24/2017
857,49.13,104,9/19/2021
858,10.62,118,6/5/2020
859,36.17,120,6/17/2012
860,59.95,129,3/6/2017
861,26.09,227,2/23/2017
862,37.35,15,2/11/2003
863,24.72,52,5/22/2018
864,35.28,108,4/1/2023
865,51.32,72,7/9/2005
866,21.12,193,10/12/2009
867,27.35,232,2/9/2006
868,21.74,135,4/3/2020
869,40.87,2,8/13/2005
870,49.31,286,1/15/2023
871,22.11,215,6/21/2013
872,20.79,77,4/17/2019
873,27.41,300,7/6/2002
874,38.35,147,2/14/2017
875,21.55,201,5/22/2002
876,38.02,140,5/9/2014
877,22.06,284,6/1/2005
878,10.66,121,11/22/2011
879,56.58,217,5/16/2003
880,36.83,7,7/18/2008
881,35.01,284,1/22/2013
882,30.48,171,11/21/2014
883,14.08,227,2/23/2000
884,31.22,71,11/24/2001
885,54.29,170,3/14/2022
886,31.04,263,7/20/2022
887,50.96,61,11/6/2002
888,11.89,116,4/22/2023
889,31.38,151,9/15/2017
890,54.81,17,1/25/2021
891,16.78,90,11/3/2006
892,24.42,146,4/2/2020
893,11.75,281,10/25/2009
894,20.02,279,7/24/2019
895,12.86,7,7/13/2014
896,31.58,107,4/25/2019
897,34.0,5,12/28/2019
898,57.42,17,3/6/2016
899,53.47,225,4/27/2013
900,11.64,132,9/18/2021
901,52.88,290,3/4/2007
902,18.51,142,5/10/2007
903,41.32,177,10/19/2014
904,39.77,124,7/2/2011
905,51.96,282,1/8/2024
906,39.51,23,2/18/2025
907,15.4,58,5/5/2025
908,53.82,293,12/12/2005
909,30.95,92,3/21/2018
910,57.82,41,6/21/2000
911,44.18,103,4/11/2020
912,48.71,251,4/18/2013
913,19.69,246,10/20/2021
914,36.52,202,7/3/2001
915,41.56,258,7/15/2022
916,43.19,38,8/4/2018
917,12.34,200,11/18/2018
918,36.25,105,5/4/2017
919,29.45,295,10/13/2009
920,34.56,276,8/8/2001
921,54.12,253,10/16/2002
922,33.78,64,1/6/2008
923,29.64,202,12/11/2020
924,57.7,283,6/20/2001
925,36.34,110,2/10/2010
926,50.59,97,6/26/2007
927,29.38,292,11/22/2021
928,45.42,45,8/3/2025
929,54.43,260,2/21/2009
930,36.26,219,10/1/2019
931,16.16,59,6/5/2012
932,36.29,127,1/27/2025
933,27.89,262,9/18/2015
934,12.29,16,5/8/2006
935,15.85,14,1/27/2011
936,14.4,152,8/23/2025
937,19.18,247,8/23/2013
938,10.64,57,2/27/2025
939,14.76,171,8/24/2021
940,57.49,271,9/10/2018
941,30.66,89,7/7/2000
942,40.83,137,1/13/2015
943,18.88,257,8/3/2005
944,25.83,82,9/14/2010
945,42.12,278,9/2/2025
946,13.33,63,9/15/2024
947,42.4,126,7/19/2014
948,58.35,186,9/10/2024
949,21.72,29,10/23/2007
950,44.91,227,1/19/2007
951,37.46,106,12/9/2023
952,28.48,296,9/27/2007
953,28.34,119,6/22/2000
954,46.96,37,1/26/2023
955,24.96,198,7/4/2025
956,21.71,9,10/7/2007
957,29.87,114,4/27/2022
958,28.99,43,11/9/2010
959,52.94,260,12/9/2025
960,32.36,225,10/15/2000
961,55.66,185,3/24/2010
962,39.45,285,6/4/2005
963,47.11,82,7/11/2009
964,58.75,209,5/16/2015
965,38.92,171,3/19/2011
966,39.39,78,11/23/2011
967,25.89,179,11/20/2009
968,28.34,21,8/15/2000
969,27.7,206,9/14/2001
970,24.89,259,6/28/2015
971,58.99,1,5/20/2010
972,57.2,180,8/11/2023
973,38.43,123,10/19/2022
974,34.74,224,7/4/2021
975,40.44,237,12/20/2021
976,45.24,20,11/11/2006
977,34.96,145,11/2/2003
978,56.76,84,2/19/2002
979,40.28,124,5/5/2008
980,38.0,75,7/16/2020
981,28.8,218,10/4/2003
982,39.24,242,3/26/2021
983,32.93,277,4/8/2016
984,51.32,21,6/21/2008
985,47.09,258,12/5/2020
986,28.42,297,12/28/2004
987,22.85,29,3/6/2002
988,41.24,247,11/13/2023
989,39.07,207,11/21/2022
990,29.82,110,10/10/2005
991,37.26,122,7/9/2017
992,20.3,36,10/1/2020
993,34.65,284,3/15/2010
994,43.38,249,12/17/2004
995,55.53,247,4/20/2022
996,57.06,111,5/18/2009
997,16.97,112,2/12/2018
998,53.98,64,2/2/2020
999,26.08,24,2/15/2014
